fft.txt
B = 250
n = 1000
d = 34
t = 3300
ratio = 2
l = 12
-0.525125 2.570592 -0.288518 0.724081 -0.235957 1.854060 -0.734442 -0.246418 0.259312 1.108425 1.520334 -0.979573 -0.681735 -0.590774 0.591683 0.191900 0.617519 0.125522 -0.224341 0.424796 0.438785 1.558241 -1.046770 -0.233525 0.157845 -0.941589 0.777306 0.755329 -0.074087 1.671468 -0.059738 0.298758 1.427725 1.471261
945086.625000
0.998175 -0.542100 -0.329402 0.009765 1.237355 -1.006723 -0.013652 1.914747 1.079861 -0.124855 1.240051 -0.467305 1.340537 -1.220766 1.540116 -1.678270 0.791020 1.784611 -0.894151 0.219482 -0.171213 0.650867 -0.514560 0.870924 -0.330855 1.609846 -0.712834 1.122688 0.002337 0.097580 0.142111 1.049009 0.572771 -0.492351
763821.687500
-0.162158 -1.249279 -0.658555 0.828966 0.595658 -0.432961 0.342262 -0.235734 0.033003 -0.995735 1.099429 0.079824 -0.292265 1.017851 -0.356059 2.460559 0.400235 0.004964 0.216066 -1.052524 -0.002843 -0.789176 -0.878726 0.590855 -0.734626 -0.395306 1.633396 -2.401347 1.232235 0.266621 0.810115 1.048376 -0.774071 0.121024
38207.843750
-0.589830 0.835198 1.024519 -0.011019 1.442294 0.950128 0.355152 0.216702 0.763806 -1.805282 -0.537334 0.648008 -0.909064 0.482143 1.852271 -0.744915 -3.269134 -0.889122 1.118211 0.634169 -0.133467 1.489042 0.117995 1.136397 -0.969752 -0.969186 0.811221 0.328409 -0.146472 -0.015797 0.188988 1.934383 1.565845 -0.809386
1175241.000000
1.129614 1.677589 -0.536358 0.756079 0.442780 -1.126630 -0.588867 0.519627 -0.511031 1.027022 0.450227 1.498420 -1.102369 -1.130357 -1.188172 0.541514 0.564739 0.040350 -0.991752 -0.587082 -0.706651 0.646536 0.263874 -0.331666 0.274483 -0.687190 0.228923 1.420745 -0.375071 -0.372634 -0.810162 0.028607 0.873731 -0.415142
1518628.500000
0.381286 -0.248516 -1.981993 0.121885 1.606908 0.034301 -0.558294 0.534566 0.146934 -0.157848 0.472381 0.234589 -1.311711 -0.623180 1.055969 0.617467 0.317047 -0.813898 0.729302 0.948706 -0.841034 -0.446782 0.161960 -0.216390 -0.976960 -0.434408 -1.610242 0.898658 0.336472 -1.447860 -0.929834 -0.732377 -1.051610 -0.642499
264393.125000
1.253860 0.877048 0.590809 -0.999660 1.666209 0.680508 2.401879 -1.466472 -0.099940 0.568626 -0.669377 0.149865 -0.390765 2.084239 0.839208 -0.590569 -0.349884 0.400040 -0.015418 2.038615 0.882044 -0.087902 -1.522760 0.586588 0.298753 -1.589669 0.605323 -1.950402 -0.819034 0.891966 0.419825 -0.849525 0.263600 -2.279119
511307.750000
-1.438621 1.948729 0.268940 -0.211296 -1.077891 -1.041139 -0.487654 0.638795 1.530937 2.047744 -0.916275 -0.037040 1.746433 1.091322 -1.568360 -0.683641 -1.063132 -0.008370 -2.880370 0.578518 -1.112413 -0.636487 0.996502 -0.986110 -0.321878 -0.050336 -0.486297 -0.664364 0.441959 1.001402 0.168949 1.437961 1.664783 0.282224
488023.343750
1.295388 -0.700934 1.292738 1.404760 0.081608 0.470714 0.715300 -0.906357 0.481946 1.831345 -1.759892 -0.164123 -0.829576 1.039929 -1.175522 1.207929 -0.582919 -1.265321 -0.638529 1.250154 -1.711697 -0.875665 1.266723 0.348465 1.230052 -0.665371 -1.588502 1.127989 -0.837115 0.722351 -0.415034 0.756159 0.637924 0.872390
1983804.625000
-0.144859 -0.482869 -0.267634 -0.772074 0.592121 -0.104423 -0.410587 0.155883 0.700108 -0.051250 -1.407891 0.637845 -0.955189 0.034776 -0.189160 -0.701548 -2.126829 0.230941 -1.176589 1.230518 0.146815 1.009206 0.552875 0.403923 -1.600778 -0.010320 0.733429 2.096375 0.783062 0.234339 0.167809 1.794898 -0.125921 -0.649102
973056.750000
0.062172 0.118210 0.096241 2.186804 -0.085350 0.125107 -1.010519 -1.124612 1.757610 -0.374727 0.498410 -1.234300 1.353741 -0.313287 0.760728 0.802151 2.176519 0.894849 0.587866 -0.294042 -0.112061 0.515333 -0.503323 -0.530370 -0.950889 -0.904639 0.729690 0.216660 1.031440 1.190426 -0.466442 -0.414291 0.349654 -0.913297
1859042.875000
-0.276376 0.318166 -0.327459 -3.167016 0.786615 0.127396 -0.158415 0.809743 -0.221235 0.586405 0.074442 0.112015 1.680017 0.978969 -2.450318 -0.450199 0.707877 0.048646 -1.020710 1.375490 -1.871625 -1.474755 0.695506 0.449280 -0.673896 -0.442728 1.084799 -1.097737 -0.213208 0.833494 0.097032 0.171114 -1.010863 -0.536833
337991.875000
0.513163 0.574854 -0.647205 -1.242368 -0.020541 -1.443465 0.010841 0.216381 0.726149 0.249878 0.898253 0.018253 0.890081 -0.567831 -1.386451 -0.501231 -0.253648 -0.297976 0.947811 -1.249064 0.989650 -0.045417 -1.023608 1.854463 0.474133 1.387743 0.761704 -1.122804 1.192882 0.919848 0.060584 0.004172 -0.560077 1.703463
113844.453125
-0.480418 -0.263380 -0.424523 -1.393843 0.236371 -0.114056 -2.288005 1.079051 1.239318 2.518476 0.069287 -0.605992 0.425098 0.148979 -0.790104 -0.002793 0.725844 0.429187 -1.704526 0.538886 -0.935538 0.497144 -1.345197 0.941593 -0.581774 -0.528279 -0.418324 -0.006412 -0.921320 3.113564 -0.152557 0.768413 -0.604705 0.618232
822750.312500
0.507936 1.296365 0.787709 0.142863 0.190274 -0.447016 -0.109305 -0.138806 -0.524411 0.656316 1.012026 0.629548 -0.001111 -0.900872 -0.347529 -0.570979 0.399057 -0.697797 -0.523739 -0.458447 -1.554063 -2.075863 0.371360 0.265877 0.185298 -2.177355 1.950203 -0.016027 0.646678 -0.342055 2.507175 -0.660925 -0.217812 0.379932
334066.656250
0.081933 0.952624 -1.989164 0.807584 -0.470199 -0.713763 0.292559 1.107175 0.912420 0.432632 -0.124405 -0.013397 1.089156 0.889692 0.359608 0.989355 0.372211 -1.163560 -0.075018 0.048129 0.381528 0.178815 -0.127941 0.884717 -0.988082 -0.998770 1.169843 -0.358530 -0.453918 0.248208 0.275818 -0.282075 -0.166387 -1.095009
224042.515625
1.034151 1.517725 1.642111 -0.843554 -0.417448 -0.284562 -0.762530 1.178512 -1.159836 0.755518 0.352876 -0.889493 -2.154238 -0.716127 0.484282 0.537736 -0.213984 0.155278 -1.552685 0.365080 0.859854 0.405920 0.428302 -0.881703 -0.526235 -0.575876 0.537008 -0.630056 -0.824117 0.504191 0.971497 -1.732051 0.504283 0.176057
1686902.125000
-0.411691 -0.096216 0.443799 -0.953814 0.474373 -0.718624 -0.533909 0.830759 -1.355963 -0.011012 -1.000179 -1.297562 0.211654 -1.625544 0.641002 -1.372949 0.010874 -0.471234 -0.585430 -0.491559 -0.232901 0.327446 -0.551643 -0.014752 -0.223629 0.139456 -0.107846 0.247907 0.311981 0.918907 -1.010420 -0.221737 -0.470924 1.094113
898245.937500
-0.533860 0.242286 -0.256573 1.004455 -2.205767 -0.848634 -1.071641 0.181605 -0.468723 -0.522331 -0.666155 -0.995297 -0.748991 -0.109905 -1.328199 -0.264548 -1.063804 0.440967 0.533800 -0.026572 1.145382 0.865453 0.828262 -0.395870 -1.257552 0.604118 0.793615 0.586418 -0.898156 1.997595 0.357628 -1.769825 0.475125 -0.573166
1321588.000000
-0.556765 0.517678 1.029773 0.666031 0.682712 0.801311 0.466250 -1.122903 0.873572 -0.707791 -1.740360 0.129855 0.788999 -0.052655 0.455926 -0.157605 0.261084 -0.850693 -1.070150 -1.470768 0.503172 -1.379548 1.520737 0.519937 -0.960706 -0.305029 -0.823207 2.471888 -0.176212 -0.250311 -0.560230 0.066662 -0.646485 1.849715
1536432.125000
-1.299441 0.110456 0.030205 1.254725 -0.963053 0.065124 -1.401305 0.819540 -0.299509 0.347501 0.019305 -1.748407 1.221720 0.623753 -0.555039 -1.401817 -1.368801 2.785865 0.418942 -1.518039 1.769423 -1.091721 0.374191 -0.431414 0.596911 -0.295172 0.295487 -0.351184 0.648085 -1.390813 -2.527869 -1.193823 0.686757 -1.825912
90419.460938
0.946992 -1.184939 -1.124915 -0.155594 -0.800553 -0.617390 0.532339 -0.602714 1.816053 0.266721 1.084365 1.053702 0.449321 1.396561 -0.466775 1.326845 -0.553357 0.885989 0.244801 -0.505059 -0.629286 -1.268450 -1.109433 -1.169985 1.222094 0.161744 -0.129894 -1.093123 -1.060029 -0.863252 0.657448 0.577042 1.258813 1.437917
2018011.000000
-0.651020 -2.332277 1.037234 -0.005180 1.930464 -1.886068 0.968559 0.446094 1.048839 0.955825 -0.840986 -0.677602 -0.875448 0.850131 0.446794 0.478921 -0.539113 -0.063445 1.243641 -2.165452 1.893730 -0.624526 -0.405898 0.267695 0.565366 -0.889288 0.957681 0.779774 0.468808 0.455734 -1.407491 0.533590 -1.573497 -0.721515
902672.875000
1.487871 -1.784099 -0.729142 -0.233799 -1.956850 -1.702727 -0.850590 0.287335 1.026708 -0.473557 -0.898904 1.385673 0.680407 -0.268102 0.265102 0.040185 0.797104 0.817994 -0.497652 -0.736137 -0.521897 0.417256 1.570163 0.970414 0.947098 0.498124 -1.123758 0.954920 1.123458 0.129664 0.740096 -0.352167 -0.933421 -0.697292
927080.937500
1.065505 1.413349 -2.059118 0.163981 0.898696 -2.164715 0.149453 -1.842928 0.951987 -0.121822 -0.299039 -0.188354 0.387028 -0.577505 0.213988 -0.440671 -0.026924 0.329705 -2.302883 -0.099363 0.242494 0.496799 1.625213 0.171142 0.869330 0.858590 -0.156346 1.377336 0.936429 -0.085958 0.683661 -0.347427 -0.363342 0.617542
1558980.875000
-0.824818 -0.098405 0.796207 -0.665421 0.920569 1.138469 0.452576 1.279208 -0.686824 -0.003015 0.390958 0.726067 -0.910587 -1.071561 -0.785601 0.035675 0.672402 -0.668902 -0.994774 -0.240428 0.698004 -0.725786 -0.906105 -1.303168 -0.605090 0.643181 1.717286 0.773861 -1.097491 -1.162638 -0.843463 1.823378 0.573904 1.666345
1811456.375000
-0.409606 -1.918149 -1.119114 -1.334980 -2.357480 0.932212 1.505836 -1.560257 -0.223474 0.546326 0.364650 0.895192 0.207059 -0.513102 -1.959070 0.625633 0.246637 0.135658 -0.695997 -1.282751 -0.676895 0.551238 1.052910 -0.079452 -1.903628 -1.118997 -0.540746 1.078330 0.288709 -0.559252 0.532850 0.227044 1.511350 0.610770
436628.718750
1.288250 -0.948843 -0.661261 1.512600 -1.966179 -0.472371 1.547203 0.436384 -0.583083 0.875048 0.551554 -1.186399 0.049714 0.781609 1.518621 -0.259788 0.360567 -1.470395 1.393684 0.608487 -1.766050 -0.254672 -0.263584 1.106209 0.965912 2.518352 0.034024 0.344461 -0.611342 -0.477201 -1.467802 1.287233 -0.154880 1.166387
1209451.625000
-0.189953 2.011724 1.010566 -1.113173 -1.312965 1.266111 1.615158 0.046579 -2.501750 -0.794050 -0.195847 1.210907 -0.137202 0.832038 -0.490730 -0.486760 -0.843037 -0.162961 0.693951 0.801301 0.120749 -0.641598 0.411936 -0.922098 -1.319121 0.020995 1.086424 0.372702 -0.112600 2.488748 -0.771815 -0.332021 0.015063 0.345574
1189298.750000
1.175985 -0.628413 -1.268341 -0.283482 0.569728 -1.411813 0.907728 0.577048 -0.933083 0.491842 0.096702 0.666142 -1.180890 -1.061900 1.239951 0.460463 -0.139268 -0.585523 0.502564 1.661142 -0.023878 -0.448572 -0.655855 0.094013 0.384178 -0.641123 -0.261063 -0.320269 -0.703278 0.288208 -1.780890 0.314427 0.218830 -0.957637
1752234.750000
2.014184 0.339628 -0.593043 0.856871 0.592242 0.117982 -1.694492 1.340903 1.220952 1.906847 0.249484 -0.418547 -0.610098 0.620536 1.042071 0.358556 -0.329177 -0.919474 1.621065 0.526579 -0.755932 -1.599407 0.721776 -0.148619 -0.320041 -0.686328 -1.514372 -1.023677 -0.052318 -2.097775 1.861314 -0.544903 -2.114584 -0.490498
259704.062500
0.602361 -0.567960 -1.837322 -1.305484 -1.783745 -0.391871 -1.236142 -0.360374 0.572610 2.126320 -0.042364 1.323260 0.247865 1.073646 -0.500537 -0.855857 -0.684125 -1.889416 -0.759583 -0.002621 0.362573 0.515190 -0.403014 0.556451 -0.229395 0.399063 2.707135 0.792060 -1.430290 0.873124 0.436759 2.119060 0.973310 2.552935
164462.734375
0.051820 -0.716627 -0.292230 -1.150728 0.371252 -2.286999 1.485602 0.452867 -1.609209 -1.005939 -0.340626 -0.043428 0.035223 -0.681201 -0.826546 -0.446121 -0.374797 -0.448687 0.071513 0.142504 1.699417 0.701212 1.009030 0.957429 -0.815438 1.055752 -0.140356 -1.458091 0.674052 -0.768331 0.099139 0.653419 1.240187 -0.727049
41067.527344
-1.631942 0.533556 1.509485 -0.460718 -0.400260 0.593353 -1.150373 1.190925 1.703394 -0.658986 0.018861 -1.568193 1.013179 -0.214657 0.607032 1.098388 -0.416433 -0.273086 -1.597390 2.153475 0.242400 -1.330520 0.661148 0.589676 -1.991320 -0.772493 -2.095570 0.231478 -1.147616 1.439559 -0.125117 -0.444707 -0.117291 0.569857
2045395.750000
-0.242457 -1.411023 1.089100 0.190788 -0.462374 -0.677349 -1.014552 1.125007 0.670392 0.581341 -0.101052 -1.233372 1.064638 -0.917531 0.334759 -1.262817 1.129012 -0.528488 1.355401 -2.107452 0.387289 0.197744 -0.594252 0.279604 0.232474 -0.169699 1.049656 -1.096609 0.207908 0.714260 -0.321182 1.217806 -0.512148 -1.152564
1343677.375000
-1.166858 0.632247 -0.009000 0.185781 -1.176056 -0.163367 -0.627991 -0.091383 0.341028 -1.448573 -0.529473 0.388906 -0.206221 0.553629 0.024161 0.654729 -0.339846 -0.233771 0.944576 1.545408 1.159309 -0.093259 0.449397 -0.368955 -0.397033 -1.364625 -1.121900 1.220710 -1.675211 -1.396852 -1.299920 0.192884 1.567102 -0.168422
570466.750000
0.965996 -0.365152 -0.505547 -0.136492 0.163678 -1.903800 0.359715 0.273364 -2.098453 -1.060140 -0.981066 0.099146 -0.083466 1.136953 -0.743516 0.499082 -0.146076 -0.797490 -0.748740 -1.755802 -0.588288 0.311994 1.005045 -0.934103 -0.744658 0.166385 -0.144913 0.386053 0.591509 -0.612487 1.659276 0.614109 -1.359268 -1.646003
1246452.500000
1.849772 0.559309 -0.455101 -0.789264 0.049226 -0.466561 1.015786 -2.126560 0.759526 -0.763812 1.071970 -0.557810 -0.919397 0.511662 0.730961 0.783896 -1.535011 0.339206 -0.869081 0.272775 -0.239276 3.019666 0.627492 -0.930858 -1.062765 0.021614 0.227101 -1.039871 0.385380 1.006419 -0.362547 -0.301408 1.133708 0.532106
577964.812500
-1.192577 -1.158543 0.700373 -0.898421 1.273436 0.138774 2.067129 1.747227 -0.351376 0.373475 -0.063349 1.237607 0.506848 0.863006 0.848073 1.572142 0.400653 -0.533330 0.450219 -0.026694 0.488067 0.298900 1.667305 -0.252377 0.426469 0.835898 -0.738195 -0.624957 1.046753 -0.543590 -1.842448 -0.346486 0.460495 0.449983
1800745.125000
-1.332476 -1.027857 -0.337692 0.775774 1.018506 -0.531815 1.024019 0.871228 -0.107199 0.034774 -0.026899 -1.926229 1.333535 -0.932624 -0.110418 2.124424 -0.557519 0.049811 -0.109636 -0.334192 0.692335 1.368381 -1.172127 0.402919 -1.340003 1.586192 -1.139084 -2.485980 -1.136128 -1.142658 -0.425632 1.114838 -0.196257 0.316070
1029297.500000
-0.240227 -0.433530 -0.503935 -2.038791 -0.320213 -0.571198 -1.489611 0.309693 1.333933 -0.752469 -0.405703 -0.694638 1.456188 -1.688214 -0.485790 -0.098427 -0.469344 0.396131 0.039774 0.668808 -0.215358 -0.535145 -0.567647 -1.708526 -0.435815 -0.260962 0.613126 -1.201257 -0.183800 0.791562 0.731877 -1.713021 0.648573 -1.805578
1493324.125000
1.138714 -1.286520 -1.063793 -0.130584 1.106287 0.368441 -0.926837 1.470847 -0.667473 0.217596 -0.765504 0.245584 -0.326875 -1.881249 -0.685810 -0.439243 0.978144 -0.391584 -0.404118 1.329807 1.789348 0.778936 0.525549 -0.110175 -0.508734 -0.704344 -0.866187 -0.636528 -0.866698 2.069911 -0.166264 1.990312 -2.600580 2.092841
1775652.500000
0.207866 -0.249671 0.693726 1.698851 -2.400124 -0.394218 0.974925 1.532687 -0.128110 -0.539816 -1.131626 -0.159013 1.318040 -3.211918 0.080074 0.006665 1.365925 0.045457 -1.274572 0.885798 -1.294221 -1.235680 -1.295003 -0.351434 1.395587 -0.544817 1.130228 2.479906 -0.218606 -1.006151 0.689151 1.155159 1.127691 -0.199629
1962909.125000
-0.879858 -0.624647 -0.196131 0.522980 0.293116 -2.304937 -0.125608 -0.520885 -0.816563 0.605820 -0.943182 0.224153 -0.509543 1.700567 0.192097 0.238954 -2.549560 0.566775 -0.068949 0.436996 0.760422 -0.807272 -0.055292 0.118260 -0.399801 -1.064631 0.388792 -0.548974 1.119118 1.009075 -0.912696 -0.019451 -0.430072 -0.084958
718803.312500
0.350526 -1.018621 -0.601175 -0.599176 1.243802 -0.014878 -1.153661 -1.020426 0.826161 -0.923574 -1.173257 -0.376590 -0.246236 0.455154 -0.416033 -0.407597 -1.741026 -0.277819 0.118038 -1.116877 -0.153984 0.214696 -0.069347 -0.251819 1.094344 0.017288 0.091403 1.960763 0.744231 0.033693 1.151666 0.185992 -0.844307 1.476938
814118.562500
1.076984 0.596512 0.705206 0.395432 -0.823734 -2.073932 -0.193558 0.248904 -0.709089 1.089012 -0.365208 0.854548 -0.210549 0.939839 -0.373840 -0.211770 0.461086 0.559166 2.272630 -1.161682 -1.196667 1.245105 0.006350 -0.508536 1.103808 0.283684 0.254257 -1.281316 0.262127 0.069151 -0.724516 -1.478043 0.959044 -0.666231
1054414.750000
-2.619739 0.589385 1.465931 -2.742186 0.082184 -1.222942 0.800934 0.166032 -0.847307 -0.200135 -1.307114 -0.034451 0.167154 -2.452403 -1.756938 0.199304 -0.311604 -0.682478 -0.180361 -0.291288 0.020722 1.107189 0.311725 0.668592 -0.893907 -0.356839 -1.245465 1.310098 -1.124378 0.409148 1.559383 -1.107763 0.826662 0.397043
97123.906250
1.533577 0.844499 -0.797717 -1.062160 0.709437 -1.641327 0.158715 -1.568585 -0.336418 0.606766 0.118626 1.218523 0.417120 -0.521036 -1.486216 -1.243264 0.667025 -0.496958 -0.957431 -0.769109 0.035901 -0.879397 1.423088 0.401291 1.725915 -0.347205 0.697505 -0.168526 0.423221 1.542204 1.012715 -0.348314 2.183704 -0.533460
1921472.000000
0.907229 1.029660 1.208244 -0.762539 0.239434 1.299173 0.696163 -1.339483 0.844220 2.864613 0.014428 -0.140521 0.466034 -1.589897 1.476569 1.347556 0.149225 0.708974 0.673793 -1.774214 -1.044647 1.016910 -0.658552 -0.051133 0.529814 0.867338 -0.678183 -0.415915 0.283352 -0.556963 1.517088 0.839376 -0.040461 0.002708
1068677.250000
2.377060 0.222135 -0.045465 -0.841688 0.107078 -0.078100 0.764402 -1.308813 1.241546 -1.028436 1.251069 0.440070 0.352686 0.672050 -0.174283 2.833412 -1.632498 -1.055727 1.648099 -0.108033 -1.909908 0.250375 -0.808855 -0.175193 0.407082 -0.817888 -0.312503 2.248241 -0.031525 0.139619 -0.756177 0.174815 -0.033651 -1.210185
1503459.500000
-0.710390 2.385123 0.427686 0.239589 1.187491 -1.290010 0.720132 -0.282592 0.062969 0.974412 -0.945097 0.139379 0.140855 0.141690 -0.187255 0.215923 -0.079195 1.362131 -1.007415 -0.980627 0.323681 1.784750 -1.536706 -2.055518 1.202814 2.054753 0.221157 -1.435676 0.276336 -0.341940 -0.276923 -0.462333 1.703614 1.561889
1423952.750000
1.207363 0.545915 0.623749 0.031153 -0.766352 -1.284830 0.526167 -0.575999 1.413720 0.842044 -1.471267 -0.090237 0.653554 1.838596 0.158226 -0.111511 1.209434 1.011422 0.787797 0.451502 0.079302 -0.690106 0.280365 0.588882 2.061290 0.433476 0.030117 -1.293071 1.885542 -0.481871 1.446982 -0.744231 -0.588276 0.218309
1547949.750000
-1.064557 -0.636702 -0.170874 0.535440 -0.072538 0.258651 -1.096510 -0.434118 1.354977 1.493564 -0.177148 -0.330526 2.399917 -1.181734 -0.182330 -0.743131 0.168441 1.869080 1.091446 -1.225204 -0.622545 -0.961552 1.154485 0.748938 -0.612467 -0.102554 -1.264146 0.260716 -1.164904 0.317624 -1.117293 -0.065556 0.079692 -0.077175
1445988.500000
0.854518 -0.006632 1.548963 0.218194 -0.379417 0.245755 0.748337 0.478267 1.339146 -0.768215 -2.096413 -0.459662 -0.331192 -0.780612 0.277718 -0.533516 -0.895595 0.721873 0.286681 -0.650650 0.477407 1.348360 -0.491934 1.765225 -1.106650 0.262074 0.712757 1.263247 -1.018525 -0.905969 -0.025232 2.432159 1.450468 0.442775
692957.187500
0.970272 0.529889 -0.054327 -0.079068 0.687093 0.655935 0.703903 -2.285322 0.072999 -0.920424 0.436679 0.631592 -1.490558 -0.391352 0.007849 0.865099 0.018953 0.213654 1.695167 0.475874 0.601363 -1.212327 -0.640624 -1.455113 -0.020098 -0.600809 1.608523 0.351286 1.567650 -0.587947 0.005542 0.548828 0.612639 0.791668
305322.375000
0.223844 0.032515 -2.694918 0.126393 1.796168 -0.716436 0.467950 0.505753 1.430709 0.678770 0.136998 -1.050719 1.952657 0.074690 0.431228 1.205227 0.299593 1.638819 -0.386371 0.575118 -0.011363 1.135754 2.492600 -0.450817 0.723506 -0.378512 -1.197546 -1.552217 1.102380 -0.354980 0.656220 -0.557322 0.029324 0.915649
1209411.125000
0.069292 -0.993179 0.072613 -0.168009 1.169389 0.438743 1.401794 1.194556 1.020337 0.062248 -0.289889 0.413041 -0.596589 0.190346 -0.421134 0.254970 1.143381 -0.825691 -0.499173 0.121643 0.429488 -0.450126 1.083102 -0.423768 0.751212 -1.056601 0.225276 0.316074 -3.167385 -1.121890 0.637230 1.113482 0.774698 -1.214114
701609.625000
-0.530772 -1.209573 -0.116616 -0.501532 -1.443653 0.430477 -0.284035 0.426747 -0.850004 -0.821593 2.304064 1.932145 -0.131565 1.111851 -0.196547 -0.188356 -0.344950 0.045099 1.220442 0.989242 0.032336 0.155257 1.171117 0.484395 0.304354 0.173279 0.853600 -0.334570 0.982957 0.045175 -0.736441 -2.743834 1.175195 2.740619
2054260.500000
0.689088 1.762160 0.888989 -0.270368 -0.158351 -0.285552 -1.429785 -0.798189 -0.524840 0.947047 -1.616181 0.311296 -0.151397 -1.046847 2.113320 -0.553409 -0.645078 0.034937 0.618859 0.566929 0.511229 2.382762 0.155349 0.573214 -1.186054 -2.626126 -1.505194 0.306956 -1.316666 -0.017202 -0.812127 -1.265993 1.804728 0.225894
1270889.500000
-0.338876 -1.652831 1.172466 -0.838530 0.140385 -0.228831 -0.465466 -0.572745 0.629509 2.107546 0.052713 -1.081602 -0.197508 -2.147063 0.999891 2.226687 0.876855 -0.937002 0.180564 -0.694038 2.680570 0.760854 -1.383740 1.232895 1.242819 -0.247086 0.653899 -0.529030 -1.276879 0.881155 0.190929 -1.445739 -1.000514 -0.560154
1542215.500000
-0.416999 2.547504 0.213931 1.780364 0.269244 1.067969 -0.044753 0.446178 0.380357 -1.227762 -0.450058 0.474702 -0.084944 -0.525942 0.616839 -0.487590 -0.225276 0.710791 -0.730682 -0.452843 0.191187 1.269019 0.612792 -0.306249 -0.470456 -1.239550 0.224395 1.063427 -1.219645 0.238547 0.509198 0.443300 1.658182 -2.075821
723351.312500
1.755072 0.443713 -1.230241 1.352804 0.043898 0.032428 2.071305 -0.711868 -0.232974 -0.193031 0.747444 0.196183 -0.382244 1.164164 -1.214877 -0.822308 1.632733 -0.264266 -0.131421 -1.347634 -0.535022 -0.498719 1.721582 -0.191244 0.383068 -0.582145 0.904158 0.269849 0.708047 0.446471 0.738950 -1.176304 0.084499 0.283334
50886.210938
-0.395790 -1.459564 0.145697 0.132030 -2.545199 1.276255 -1.464883 -0.698085 -0.601602 1.283941 -0.840551 0.504287 2.014175 1.538399 0.905055 2.791747 -0.385266 -1.291472 -0.022444 0.512254 1.216574 -0.163237 1.575865 -2.570545 0.352116 -0.542949 0.571730 -0.163766 -0.292567 0.909204 1.399475 -0.019384 -0.434831 0.447896
468930.750000
0.197633 0.093615 -1.322181 0.382249 -1.025539 0.165778 0.529231 -0.841385 2.099242 -0.723200 0.717622 0.223754 -0.774096 0.148608 0.697328 0.741600 -0.398628 0.467925 0.722596 -1.177869 -0.783846 1.295523 0.223061 -0.916115 1.886391 0.758512 -0.536300 0.825091 0.650235 -0.375518 -0.015742 -0.773104 0.831944 0.697079
1035360.500000
0.366552 1.667531 -2.244407 0.259121 -0.740220 -0.498972 -1.152562 -0.012979 1.520277 0.548091 -1.294535 0.857665 0.402980 0.157322 0.083441 -2.124524 -1.729729 -0.097895 -0.448150 0.845880 -0.714577 1.572756 0.536648 1.902483 0.523495 1.061980 0.295218 2.203076 -0.347252 1.394714 -0.899648 0.309057 -0.278364 0.373538
1569167.875000
-0.186194 2.186527 -0.652425 0.085676 -1.339983 -0.744965 -0.383970 0.744680 -0.460899 0.165797 0.157021 -0.303205 0.638697 -0.065965 -0.957898 0.045295 0.508159 -0.139844 1.425766 -0.059425 -0.085759 -0.150476 -1.958646 -0.783957 -1.001399 -0.122223 1.347429 0.612343 -0.737105 -1.995048 0.491761 1.011720 -1.594604 -0.751951
1638622.250000
-0.302278 -2.232325 -0.801527 0.795414 0.394623 0.524558 -2.001513 1.352332 0.505930 -0.820597 -0.378418 0.840248 1.061497 -0.725373 -2.282158 -0.056703 -1.078742 -0.480229 0.280316 -0.389395 -0.415251 1.653572 -1.508750 1.214660 -0.228684 0.749587 1.581953 1.037233 0.386964 -0.236659 -0.206726 -0.384659 0.600587 1.336266
911473.312500
-0.694288 -0.255943 1.205335 -1.282506 -0.353221 1.543879 -1.146701 0.688410 0.047416 1.929531 -0.833953 -0.726305 0.575074 0.412587 -0.949663 -0.526451 0.454395 0.411907 0.453096 1.596677 -1.354347 0.996113 -0.543038 1.737421 -0.242982 0.127509 0.987177 -1.316507 2.200602 0.951421 -0.512600 1.209265 -1.375931 0.783060
590772.062500
-0.048220 0.308179 0.151583 -0.248832 0.608521 -1.158359 1.218719 0.939780 -0.515720 0.167132 -0.636927 -0.797359 -0.701882 -0.322364 -0.734807 0.420034 -0.499762 0.196414 -0.523054 0.885153 -0.394667 0.308067 -0.146511 -0.207330 0.318997 0.392357 -0.432882 0.552368 -1.337439 -1.224592 0.053506 -0.521234 -2.022734 -0.285739
731992.750000
0.204063 -0.596558 0.373020 1.406650 -0.577412 -1.378046 -1.159622 0.053823 0.474076 0.698894 1.227509 0.876771 0.146240 -2.002317 -1.562340 0.540670 0.452501 -1.130453 0.426711 -0.442259 0.472427 0.341398 -1.651359 1.174381 -0.633879 1.939927 0.681729 0.867629 1.554199 1.054864 -0.100616 -1.286826 0.701903 0.480691
1373752.250000
-0.263039 -1.291191 -1.310846 -0.475082 1.627953 -1.462180 -0.791717 -0.375155 0.755854 -0.000576 -1.893177 -0.298708 0.534811 0.947609 -1.294440 -0.792187 2.841783 -0.905319 0.524301 -0.088999 0.956242 -0.770148 -0.917702 -0.522281 0.174433 -1.027356 1.452684 -0.526363 1.884774 -0.636776 1.727737 1.091625 -0.305983 0.865511
2036523.375000
-0.225433 -0.634261 -0.533782 -1.641902 0.108655 -0.131381 -1.564941 -2.013083 0.714657 0.476211 0.248225 1.429576 -0.022215 0.940211 -1.028279 1.821685 2.757503 1.285285 -1.383254 -2.075178 1.087268 1.123082 -0.315951 1.298271 -0.087748 -1.256303 -0.285487 -0.894456 -1.128937 -0.683770 -0.305511 1.203688 -0.602791 -0.584695
1454804.875000
0.138947 0.525015 0.686799 -2.304110 0.080134 -0.522312 -0.069834 0.079460 -0.659848 -0.041552 0.565415 -0.607570 0.576048 -0.466687 1.513873 0.043610 0.113555 0.847014 -0.961845 0.446086 -0.069768 -1.358434 -0.098576 1.241064 1.238420 1.302260 -1.417348 1.272419 0.860752 1.167397 1.212696 -0.209534 -0.589555 -0.713061
1366750.125000
-0.154509 -0.605344 -0.705624 -0.503216 1.353433 0.800617 1.547555 -0.012636 0.384720 1.243119 -0.525127 0.588133 0.659435 -0.557318 0.290508 -0.046137 -0.679580 -0.226264 -0.389706 -0.335706 -1.274440 1.003298 0.228806 0.615079 0.704768 1.429477 0.321572 -1.273001 0.349248 -1.072517 1.002873 1.317187 1.485751 -0.666370
597158.062500
0.380415 1.179166 0.275293 -0.241877 -0.701943 0.487355 0.882089 -0.263169 -0.187391 -1.867974 0.087133 0.229770 -0.222377 0.096709 2.087323 0.812550 1.219990 -0.508647 0.321421 -0.654483 2.133202 0.200905 -1.093197 -0.275287 0.323145 0.942014 -1.960203 -0.696136 2.351589 -0.104498 1.622262 -0.327794 -0.181755 1.019824
655448.625000
0.306212 -0.525997 -2.888675 -0.406514 -0.444680 -0.484009 -0.130593 -0.376258 1.735736 0.197717 0.013183 1.555156 0.764116 -1.953762 -0.118320 -0.264743 1.136928 -1.290763 -0.199725 0.010470 -0.261165 -0.357288 -0.430328 0.695983 0.026024 -1.232738 1.546380 1.148613 0.703437 -1.266622 -0.327103 -0.966966 0.461798 -0.076004
1308038.875000
0.189708 -0.633096 0.952918 0.899200 -1.800486 1.082069 -1.397427 -0.707253 -1.169351 -0.115139 0.502789 0.460764 1.856909 0.198243 1.757097 -0.900381 -0.280713 -0.528468 0.901582 -0.065724 0.112650 -0.645726 0.476894 -0.535946 0.647997 -0.309306 0.444383 -0.025503 -0.830566 0.480578 -0.249107 -1.122206 0.512568 -0.833653
2094771.125000
1.113367 -0.334474 -1.503600 1.164421 -1.597139 -1.837155 -0.308336 -0.781476 0.247170 0.325663 -0.130576 -0.677265 -0.612211 0.671637 1.019531 0.504708 -1.774300 -0.427319 0.772559 -1.068121 1.787741 -0.212433 -0.027777 -1.153303 1.209118 -0.900841 0.335160 -0.676551 1.017255 0.070999 -0.610546 1.105116 -0.488363 -0.273665
1319294.375000
0.031393 1.923527 -0.520532 1.512587 -0.333454 0.746977 0.217703 -0.936814 -0.995254 -0.608337 0.882817 1.318765 0.730957 -0.159278 0.416306 -0.606586 1.996674 -0.476209 -0.051885 0.866976 -1.194315 0.919298 1.503905 -0.189951 0.900729 -0.130595 -0.214999 0.418312 -0.390344 -0.697125 1.380853 -1.050582 0.019298 0.133630
103285.687500
0.948009 0.690451 1.958684 0.123927 -0.733871 -0.871714 -0.146478 -0.142405 1.463594 -0.179106 -0.566799 1.103083 1.732140 0.067919 -0.072593 0.551624 -0.280006 1.612164 -0.085464 -1.342444 -1.074129 0.693667 1.090865 1.171687 -0.046642 -0.266673 -0.702260 -1.332043 -1.325361 -0.486181 -0.979719 -0.826263 0.867458 1.433610
1410954.750000
-2.357509 -0.976290 -0.986317 -0.008251 0.242808 0.192589 0.579609 0.065049 -0.048258 -0.955735 -2.375309 -0.858564 -1.335562 1.354586 0.079941 -0.415200 0.166451 0.472584 0.539477 -0.118868 1.066706 0.193984 0.616638 -0.575967 -0.388974 -0.934792 1.818195 0.706749 -1.346672 0.134074 -1.741426 0.098324 -1.827860 -0.039501
908729.375000
-0.655929 1.050570 -0.559297 0.275525 -0.735439 -0.362276 -0.254157 1.054170 -1.514419 -0.212651 2.826169 0.847167 0.887068 1.306718 -1.518462 -0.136619 -0.517953 1.438954 -0.970642 0.517996 -0.730863 1.196203 -0.315136 -1.114765 0.138313 -0.340374 0.381709 -0.233280 -1.039161 -0.942732 0.251734 1.263110 1.565372 0.901792
1270935.000000
-0.843174 0.852377 -0.443682 1.907408 -0.363482 1.155758 0.688241 0.728122 -0.266630 -0.023553 -0.580968 0.248205 -0.793060 2.887548 -0.560345 -0.659671 -1.428179 -1.232359 0.314312 0.696909 -0.040228 -0.589831 -0.158728 -0.165565 -0.691698 -0.844238 -0.643659 0.398333 0.539140 -0.633161 0.664210 1.298060 0.946313 0.445806
669094.687500
-0.710020 0.285416 2.007673 -1.170069 -0.268272 -1.218397 -0.778575 0.148068 -1.700259 1.194981 -0.999469 0.051490 0.552173 0.067925 -0.013928 -0.306873 -2.264721 2.215159 0.125966 -0.051008 0.670217 1.374360 0.307839 -0.144715 1.359799 1.315170 -0.420995 -1.114658 0.862341 -0.430414 -0.118388 -0.083129 0.667767 -1.399068
898242.562500
2.134088 0.151574 -0.546969 -0.111505 -0.282224 0.281822 -0.629941 1.165347 0.576871 -0.298187 1.435081 0.496898 2.771448 0.725699 -1.935284 0.478723 -0.191581 1.928241 0.817314 0.660567 -1.287208 -1.208110 2.259988 -0.816465 -0.373612 -1.609905 1.381286 1.313129 0.757261 0.578111 -1.366653 1.145876 0.295494 -0.246230
962319.875000
0.415114 1.092728 -0.677712 0.202830 -0.191665 0.726652 0.636050 0.768340 0.419887 0.759199 0.609341 -0.952212 1.016018 -0.074259 -0.211019 2.048354 0.290479 1.025308 0.279149 1.127700 0.229333 1.689758 -0.800152 -0.995953 0.740077 1.085069 0.157525 1.101042 0.641249 1.310120 -1.270884 -1.263700 1.788295 0.660303
1780568.500000
-0.683262 1.709730 1.710480 1.338458 -0.782735 -0.630526 0.264581 1.807349 1.733616 0.228782 -0.832737 -0.116628 0.995348 -0.513815 0.176433 0.564781 1.330561 0.001451 2.095848 1.660695 -0.454899 0.245377 0.829357 0.338500 0.018722 -0.382875 1.399364 -1.323780 -1.115399 -0.140335 -0.603869 0.061989 0.093343 -0.845350
1183840.750000
-2.334218 -0.358219 0.018534 1.470620 0.222706 0.320195 0.391938 -0.785598 0.349714 -1.184859 0.217518 -0.011385 0.284939 -1.313648 0.863017 0.585467 -0.913758 0.620132 -0.620500 -0.023547 -0.013590 0.915353 0.325434 -2.208416 -2.275960 1.170265 1.176082 -1.099886 -0.040574 1.485337 0.968739 -1.681468 0.412154 1.258831
376197.656250
-1.154536 0.031024 -0.261988 1.335365 -0.437656 -0.253103 -0.596891 1.205827 1.853903 -0.212076 -0.380963 -0.164391 -1.268704 0.207072 0.058019 -0.088648 0.477637 0.683580 0.242536 0.005088 0.902525 0.483205 -0.279332 1.784860 -0.835588 1.289527 1.352992 -0.402886 0.793300 0.649675 -0.882995 0.815221 -0.291411 -1.958631
1586319.125000
1.803640 0.340825 -1.359629 0.026728 -1.009268 2.605433 -0.060743 -0.071873 -0.182431 0.842037 0.996358 -1.277703 0.593752 -1.483721 1.186600 -1.667110 -0.980918 -0.887872 0.099401 1.199965 -2.029227 0.015871 0.641030 0.954656 -0.371337 -1.280101 -1.224318 -0.418149 -0.500055 -1.052789 0.115031 0.302244 1.072699 1.746201
341805.562500
0.555229 0.540099 -0.909718 -1.050425 -1.107173 0.422698 1.116658 0.102235 -1.717670 0.210505 -0.397805 -1.086497 -1.497049 -0.473515 -1.166610 0.477157 0.228397 -1.842839 1.143863 0.311171 -1.595619 0.336700 -0.023245 0.037329 0.211341 0.185154 -0.381054 0.562754 -0.132249 0.522288 0.431253 -1.281493 0.670958 -0.579372
971255.000000
-0.505920 -0.726385 0.291713 -0.861301 -0.595560 0.044523 3.009634 0.590577 -0.830352 0.255259 -1.103417 1.352277 -1.017090 -1.164319 1.312644 -0.465916 0.106672 2.365121 -0.365274 -0.496325 0.708439 -0.762311 -0.074228 0.959553 -0.373049 -0.528568 -1.057417 0.772958 -0.135401 0.090739 0.963809 -1.946273 -1.039991 0.090180
1065283.500000
0.223107 1.950840 -0.026275 -0.087266 -0.471291 -0.746271 0.351422 0.013032 0.908922 0.248823 -0.261965 -0.931448 -0.411848 -0.679589 -1.251035 -0.768202 -2.434482 -0.519045 0.356535 -1.213647 0.209241 0.176494 1.057319 -0.218129 0.009447 -0.202934 -0.058321 -0.407221 -0.158652 -0.958717 -1.654108 -1.431032 0.621032 -0.907697
727598.500000
-0.537728 -0.594194 1.172763 0.072179 1.134376 1.138280 -1.154754 -0.567118 -1.345276 0.822596 -0.975841 -0.133989 -0.906424 1.501829 1.309653 0.348362 0.570791 0.854749 0.152008 -0.301568 0.990987 0.308742 -0.858080 0.062352 -1.105236 0.438654 -0.572650 0.719959 1.592152 1.201471 0.075271 -1.535278 -0.177531 -2.685275
1770745.000000
-0.705594 0.987036 1.008889 0.223303 -1.607262 -1.215701 2.592463 -0.555353 -0.267250 -0.171937 1.907557 0.483494 -1.159821 -0.235220 0.775595 0.620036 -0.686881 0.697349 1.231103 -0.625072 0.223776 -0.628811 -1.374111 1.033609 -0.557140 0.128761 0.772096 -0.353252 -1.219046 -1.034449 -0.033396 1.760209 -0.320614 -0.412942
626211.375000
0.200491 0.999332 -0.445476 1.165443 1.196970 1.377315 -0.562782 0.039014 -0.724199 1.459304 1.953351 -0.055300 -0.545310 -0.252050 -1.153611 1.215714 -0.633513 0.956292 1.011830 2.193407 -0.484959 0.042497 -1.915977 -0.202908 1.054104 -0.742329 0.171808 0.501405 1.582474 1.563985 -1.179543 -0.485471 0.618757 -1.080180
532063.062500
-0.552550 0.852157 0.819687 0.606019 0.147358 0.101140 0.481214 0.324507 0.241696 -1.398426 -0.529067 -0.422503 2.254485 0.822846 0.987301 -0.814972 0.045665 -0.366755 -0.218363 -0.740238 1.168208 -0.031270 1.502947 0.146896 0.405883 -0.344883 -0.206379 0.541754 0.028601 3.022448 -0.446171 0.605024 0.414518 -0.069321
1524477.250000
-0.284957 2.216193 -0.884274 -0.585916 -0.302129 -0.179059 -0.017484 -0.548591 -1.795960 -2.182246 -0.372021 -0.094862 0.909383 -0.088687 -0.142871 -0.200714 0.646213 0.620476 0.288953 0.348512 -2.041876 0.871943 0.686756 -1.217930 -1.384094 0.401644 -2.259250 -1.025108 2.171848 -0.215023 -1.618960 0.520546 0.296819 -0.271890
916105.250000
0.348348 0.710298 -1.021357 0.163767 -0.544866 -0.654476 2.212156 -0.573661 0.421092 0.077305 -1.471790 0.666920 -0.195028 1.706809 0.631832 -0.281677 -0.591172 1.321114 -0.181181 0.287503 1.908905 -1.591101 -0.559060 0.558026 -0.094795 0.597498 -0.467763 0.781622 0.191423 0.483036 -0.928270 -0.187887 1.942815 -1.064373
1311379.750000
-0.280329 1.530506 -0.385316 -0.936724 0.824518 -1.237594 -0.669693 0.684092 0.744868 0.591627 0.661313 -0.162263 -0.683753 -0.901848 -0.775373 -0.387256 -0.190246 0.556065 -2.463837 -0.921783 -0.627048 -1.964561 -1.179176 0.044880 0.406429 0.606209 0.125729 0.513830 -1.248890 -0.066891 0.430442 -0.584057 -1.080962 0.038073
953375.125000
-0.122384 1.199082 -0.475230 0.630515 0.194547 0.725934 0.158513 -2.071421 1.041208 -0.224363 0.629996 -0.330706 -0.132149 -0.011306 -0.248492 1.535532 0.101745 -1.007100 -0.820181 0.777938 -0.337577 0.074623 0.315182 -0.726476 -0.002938 1.291842 0.573879 0.166829 0.658514 2.446656 -0.296029 -0.323743 -0.031559 -0.600571
1565937.375000
1.813587 -1.107331 -0.319103 -1.342854 1.622536 0.587954 0.447260 1.666849 -0.319900 1.471403 -0.493753 -0.838441 0.824919 0.765030 -1.075840 -1.561647 -0.486072 -0.412402 2.425147 -0.379763 -0.851615 -1.007954 -1.326645 -1.254049 -0.546680 -0.580828 0.949051 -0.474270 -0.473525 0.897374 -0.028565 -0.457711 -0.383303 -2.033593
518021.093750
-0.399012 0.303680 1.163500 0.169622 -0.241219 -0.275203 -0.182498 -0.158694 0.688468 -0.983332 0.217234 0.680557 -1.546028 -2.017354 -0.532042 0.584301 0.534582 -1.159760 0.823898 0.139728 -0.457752 0.119998 0.737708 0.836838 -2.544478 2.675521 -1.184291 0.147754 -1.312098 1.262040 0.839009 0.440332 -0.418773 0.819681
727386.437500
1.895309 1.042435 -0.127792 1.496587 0.563248 -0.722538 -0.413770 0.423244 -0.622864 1.353664 -1.224457 -0.206587 -2.989431 -0.382415 0.268682 0.604557 -1.173183 0.089601 1.014665 -0.516246 -0.343673 -0.031831 0.549061 0.650354 -1.074713 0.511551 -0.663256 0.803155 -1.512834 0.849312 -2.185401 -0.149428 1.729283 -0.575110
1850790.375000
-1.458733 -0.617896 0.242813 -0.743553 0.364399 -1.079059 0.590097 0.185438 0.131373 1.433041 -0.166610 -1.434055 0.475986 -0.999867 0.603547 -1.183007 -0.336894 0.984331 0.736297 1.823338 1.409414 -1.517526 0.308141 1.060797 0.230552 1.240328 -0.366131 0.832969 -0.374034 -0.394749 1.027749 0.084027 -0.480711 -1.203521
486122.593750
-0.178088 0.271411 -1.948044 1.252405 1.452982 -0.922603 -0.336228 -0.295944 -1.023426 1.733078 0.197059 -0.021365 0.382618 -1.101636 -0.261704 0.731526 -0.301886 1.144962 -1.228625 -0.667617 -1.248862 -0.367246 0.218081 -0.641988 -0.523131 -0.171400 -0.202709 -0.218542 1.217931 0.614391 0.747190 0.596295 -0.360269 -0.534315
382331.062500
1.337500 0.091566 -0.645077 -0.872468 0.585876 -0.635791 -1.078139 -0.903597 0.777307 0.005213 0.711508 2.371982 -0.465412 -1.533675 -0.264084 -0.824625 1.993109 1.917087 -0.413163 1.145202 0.651453 -0.343873 -0.319108 -0.523755 0.002188 0.318633 -0.052789 0.127201 -0.891375 1.157993 -0.629925 0.796583 -0.356671 1.053191
927418.812500
1.601177 -0.435266 0.178306 1.799056 -0.258152 0.464766 -0.956141 1.713278 0.038972 0.807694 -1.193849 1.059286 0.564900 -0.921545 -0.718610 2.448800 0.527543 1.319412 -0.600889 1.214903 0.400219 -1.956268 0.851392 0.745350 0.888618 1.296335 0.124073 -0.475721 -0.746048 -0.257195 -1.689353 0.840065 -0.319148 -1.818109
610096.000000
0.204984 1.237753 0.673516 0.171693 -1.241489 2.447399 0.311955 -1.979463 1.650060 -1.089525 0.078400 0.658960 -0.028022 -0.501855 0.388882 -0.118323 -1.046863 0.595120 0.244475 0.298469 1.633522 -1.020073 0.739080 1.202686 -0.220578 0.401232 0.294669 -0.568590 -0.910475 0.046718 -0.073049 0.900226 -0.596439 0.238706
1097204.375000
0.742260 -0.365922 -0.057132 -1.404854 -0.644923 -0.363123 0.024779 -0.024862 -0.215004 -2.199179 -0.723065 2.097887 0.616034 1.333011 -0.089054 0.353036 -0.738564 -1.353866 -0.287120 -1.464628 -2.417210 1.359112 1.111886 -0.574443 -1.536271 0.690393 -0.072786 -0.494092 -1.157385 1.843500 1.432626 1.182308 -2.113587 -0.365997
808625.125000
-0.773298 0.194510 0.231072 -0.961346 -0.194312 -2.185882 -0.527685 0.560740 0.390660 1.681095 2.001155 0.617153 1.259486 -0.597915 -0.553615 -0.430981 -0.240633 -0.510261 0.793544 0.747761 -0.365489 -1.039444 -0.338398 -2.164997 3.182808 -1.360362 -0.981028 -0.318064 0.789918 0.663297 -0.677427 0.748746 1.946005 -1.006525
1791917.000000
-0.289373 0.485954 0.461489 0.873497 2.103578 0.059769 -0.067361 1.215750 1.017188 0.488422 0.501685 1.045409 0.706383 1.022302 1.434426 -0.664893 -1.389818 -0.713749 0.749285 -0.069854 0.512474 -0.827688 1.214546 -2.790034 -0.195981 -1.320670 -0.222535 -0.554175 -1.481243 -0.210858 0.272877 0.140036 -1.074028 -0.531430
874063.250000
-0.782546 -1.086677 0.449009 -1.215144 -0.231603 1.007687 -0.747969 -0.801372 -0.604429 2.492810 -0.821564 -1.928144 0.485957 0.350680 -1.314492 1.490738 0.151560 -3.732938 0.699001 -0.735873 -1.150705 -0.446269 -0.319098 0.573822 -1.091004 0.704139 1.240330 1.799379 -1.156422 1.330751 0.898341 1.166953 0.816114 1.449002
10545.507813
-0.860798 -0.038520 1.034358 0.109817 0.941175 -1.990156 0.360896 -0.130965 1.208949 -0.973060 -2.005765 0.417350 1.391112 -1.146710 0.567693 0.177652 -0.478306 1.142660 0.130756 -0.131934 0.880720 -0.450633 -0.905973 -0.860471 -0.765169 -0.946852 0.272790 0.833554 2.002425 -0.088659 -1.079746 -1.369745 1.385816 1.340117
1959041.750000
0.489928 -1.028318 2.124674 1.891439 -0.403260 0.062833 -1.737351 1.591116 0.333232 1.670798 0.355120 1.730771 0.178993 1.592064 0.434829 -0.970740 0.174435 0.089055 0.027232 -0.507066 -0.443094 0.206615 -2.721024 0.066911 0.218383 0.730770 0.595548 0.393129 0.133059 0.963882 0.257604 -0.435575 -1.038893 0.237092
487067.718750
1.689372 -1.503064 -0.627312 -0.032527 -0.422166 0.318933 -0.475478 1.470830 -2.889237 -0.347095 0.926436 0.973060 -0.552533 0.096657 0.431089 0.333699 -0.724373 -0.476499 0.123742 -1.141137 -1.850445 -1.039260 -0.287312 -0.437176 1.613742 0.257775 0.025178 0.412735 0.811329 0.282467 0.103608 2.214140 0.652262 1.296766
2059068.500000
0.179803 -1.185018 -0.601552 -0.751343 -0.963703 -1.434781 0.223985 0.216485 0.451398 -1.019276 -0.002052 1.555720 -0.354722 -0.079852 1.457251 0.273499 -0.340073 -0.537785 0.566931 0.043894 0.250602 -1.406915 -0.517611 -0.577718 0.568876 2.016026 0.384491 1.087992 -0.344170 -1.565570 -0.944581 -2.061364 0.682543 -0.506385
1404666.750000
-0.318769 1.199462 -0.007277 1.597697 -0.386754 -0.634723 -0.780740 -3.255880 -0.312484 -0.372124 1.106249 0.976102 1.085896 -1.288218 0.656221 0.024663 0.790304 -0.349029 0.281683 -1.921957 0.651807 -1.334440 -1.777415 0.169308 -1.448819 0.680512 1.005934 -0.947450 -0.773361 -0.719658 -0.226257 -1.715005 0.531745 1.405130
1242814.750000
0.173734 0.031457 0.862949 0.659347 0.868467 -0.851557 0.312242 -0.922036 -0.816267 0.982780 -2.719252 0.292874 0.992186 -0.109996 -1.166323 0.419315 -0.013451 0.486886 -0.954887 0.272867 -0.557658 -0.708824 -1.354809 1.227243 1.533865 -1.628637 0.003569 0.737295 -0.255611 0.353931 0.356862 -0.709144 0.203838 -0.058468
1753426.625000
-0.207704 -1.484465 -0.660121 -0.019939 1.817147 1.180641 -0.018597 0.468378 -1.505216 1.484609 -2.581675 0.731804 0.270593 1.863928 0.371115 -0.115458 1.898047 0.641544 0.084722 0.312602 -2.292562 0.818865 0.516083 -0.049342 1.230829 -1.053900 -0.113826 0.411626 -0.446010 -0.738768 -0.943875 -0.168504 0.197987 0.913430
747398.375000
